50.010541	187.348429
51.020324	734.536458
51.247669	49.013889
51.274262	30.972222
51.608616	17.782518
51.770252	9.164444
51.787260	21.936179
51.835579	34.387521
51.868827	14.463812
51.932017	7.559470
51.951494	10.431187
52.020503	172.868421
53.034862	2308.555556
53.176141	37.111111
53.193583	34.013889
53.243227	25.305556
53.262696	38.041667
53.429067	47.465278
53.445220	16.487891
53.505465	14.097295
53.521372	18.814939
53.538932	22.833333
53.562509	40.226173
53.669576	14.861111
53.683627	14.346286
53.702286	21.042305
53.775485	15.992506
53.792811	17.872934
53.809654	17.875940
54.009369	17.185743
54.039717	142.541667
54.077115	25.305556
54.268648	12.792298
54.456446	13.138889
59.030332	82.647652
60.958056	17.479209
61.020248	186.305556
61.072605	26.138889
62.009280	30.331794
63.017617	298.861111
64.299179	39.694565
64.720578	22.442180
64.759615	23.944444
64.982617	18.519272
65.032317	7962.174645
65.295916	20.153618
65.336537	35.703453
65.375911	31.026042
65.394201	21.666667
65.462034	289.694444
65.549793	45.791667
65.599908	38.974679
65.623674	32.044283
65.642855	20.791667
65.662242	20.736111
65.682301	18.153202
65.757427	142.569444
65.823714	19.791667
65.843649	20.402778
65.883513	26.313620
65.918574	38.795816
65.945012	23.319444
65.983722	24.633585
66.001685	22.612367
66.037504	855.129812
66.139525	16.537037
66.197137	18.349030
66.217180	28.654950
66.235651	22.760840
66.255329	22.061618
66.274840	18.169613
66.352159	25.514313
66.370473	16.462544
66.505654	11.904125
66.523856	16.462444
66.543125	14.123967
66.563042	25.722909
66.583089	23.222403
66.602048	21.320712
66.658945	18.970414
66.677310	16.204973
66.695885	17.509892
67.445112	9.033058
67.482369	11.444444
67.515768	22.736539
67.570605	21.402820
67.591775	20.208934
67.667674	18.230304
67.921676	39.500000
68.237034	28.166667
68.993889	162.194558
72.033236	96.959443
75.021340	205.325805
77.034843	2690.986111
77.201122	49.513889
77.226222	29.902778
77.366421	24.722222
77.388201	39.166667
77.409795	34.305556
77.431068	67.277778
77.473234	35.000000
77.546015	61.499425
77.698680	13.025811
77.719346	12.801759
77.800532	20.333333
78.042493	839.013942
78.184660	24.034862
78.211757	16.116427
78.265382	22.297753
78.351915	25.430556
78.379141	20.013889
78.552425	56.641290
78.621615	27.334308
78.642034	30.034852
78.660803	25.128801
78.683695	14.821010
78.704350	15.826328
78.724489	20.418490
79.047721	1985.208333
79.227467	25.145097
79.247269	37.356827
79.399993	15.028641
79.421317	15.272855
79.440725	64.543689
79.508001	16.248136
79.545844	70.352224
79.633847	23.363955
79.694428	19.750000
79.737008	20.347222
79.773580	9.328642
79.885725	18.437908
80.046602	286.501064
80.083639	35.157948
80.105760	29.540984
80.972218	15.732260
81.028972	255.151141
81.642897	17.662084
82.031426	71.617255
86.000871	87.873994
89.034831	49.123077
90.654273	16.100694
90.968042	61.444444
90.999658	36.777778
91.051592	64612.291667
91.261660	109.393506
91.283376	64.947167
92.054767	5174.198461
93.067312	19049.861111
93.274198	20.048654
93.307302	43.156463
94.039604	3009.263889
94.309368	165.791571
94.688006	404.343801
94.867921	201.711987
94.988870	17.630051
95.044816	377.367275
95.851864	21.912003
96.247414	38.970757
97.007451	57.473928
98.016588	27.602144
103.051068	974.961204
103.135362	47.777778
103.159476	36.200460
104.054761	292.930556
105.067149	1082.573193
105.716394	28.639253
106.039670	3742.840786
106.409040	12.509004
106.464654	12.905544
106.488897	13.568074
106.512198	9.944444
106.537338	9.763889
106.588864	100.642593
106.913240	6.902778
106.940728	8.916667
106.984735	35.486111
107.048071	2985.326632
107.465517	13.055556
107.538657	18.277778
107.594921	77.902778
107.757907	25.487033
108.047576	204.705467
109.063517	5606.089440
110.066933	361.220974
110.352810	19.126748
110.379074	8.494540
110.400713	12.902778
110.431677	15.069369
110.495983	18.896315
110.654835	11.287832
110.688490	8.350340
110.748513	6.728424
111.255427	269.256012
113.015745	120.623496
115.051645	210.409173
117.067515	333.643641
118.066053	116.699652
119.081531	724.004528
119.176784	94.658129
120.073815	154.541667
120.120153	25.777778
121.008073	308.953923
121.065415	266915.047007
121.161271	11234.942890
121.368666	701.007720
121.610956	9247.463873
122.067945	26863.493531
123.066516	813.900486
124.051116	1499.587228
124.223901	47.587206
125.010812	1576.878088
125.301829	30.600621
125.328058	23.121335
125.354524	16.818835
125.380882	21.299100
125.406257	22.480234
125.453475	90.917836
125.525351	21.926310
125.587959	8.175381
125.639576	25.394399
125.666715	29.544323
125.692400	16.664228
125.745835	19.961538
125.771090	18.739233
125.797932	13.538632
125.826342	11.874756
125.868439	19.160280
126.017305	21.325143
126.277716	109.918730
127.016371	82.353074
127.316435	83.469028
128.002060	24.809241
128.055993	155.356228
129.008986	44.869073
129.422961	155.284795
134.092662	90.930556
135.033158	111.645406
136.016552	574.919718
137.019041	87.313960
138.014960	30.111251
138.064924	235.473067
139.019805	55.878967
142.072067	86.418421
145.005396	55.472392
154.061822	38.612690
155.027088	359.954987
156.029351	106.529446
157.026356	255.294930
164.086471	193.322036
164.123020	26.199356
166.058285	29.625000
169.019986	139.442237
171.019640	680.907737
173.019186	219.215572
178.085470	811.416667
178.230478	78.000000
179.092415	268.160085
180.098693	160.542929
182.033712	63.440679
183.016489	43.428501
183.046627	39.361959
184.029276	1265.989281
185.035456	444.232914
185.661697	27.302871
186.029428	360.137600
187.031103	131.438424
188.038122	54.236111
199.051214	4655.111111
199.297278	30.835925
199.450713	100.325911
199.674482	35.750000
199.725873	49.305556
199.773792	24.125000
199.811803	25.125000
200.055918	520.185237
200.974914	30.013889
201.050444	1428.694444
201.968685	70.763889
202.014565	35.847222
202.049564	160.916667
203.964260	120.027778
211.058357	183.783844
213.036411	54.319042
214.063212	1800.349134
214.216312	30.901932
214.475787	18.666667
214.507754	21.541667
214.618247	32.152778
214.682270	85.888889
214.888425	23.074774
214.922983	25.536282
214.961062	79.333333
215.062938	175.075784
216.061501	607.222301
216.280245	16.944444
216.931780	19.652778
216.975652	50.458333
217.065640	65.738723
228.079212	81.072434
228.241306	37.008311
230.991514	96.281888
235.869961	14.071970
236.964585	19.851543
268.560732	26.533967
269.130044	63.416555
271.133190	133.753445
284.148245	88.014873
301.828006	26.568690
302.081219	21.666667
302.177692	463.916667
303.168743	33.603658
304.093432	124.702016
304.158524	32.798324
305.563579	24.194444
305.607283	25.708333
306.095931	33.782398
319.113575	272.914072
320.101373	159.361111
320.188007	27.342978
321.108595	178.555556
322.107535	131.430556
322.181513	34.666667
332.105872	70.180556
334.125484	2031.260426
334.388102	16.861111
334.442313	28.986111
334.862320	11.477630
335.126686	434.236690
335.872911	42.937908
335.991356	20.582207
336.137869	22321.712891
336.547050	312.568448
337.143291	4515.656091
337.481365	7.792560
338.137124	7160.088491
338.477987	50.241496
338.525770	31.262158
339.139087	1500.703521
339.421304	21.026316
339.468516	21.890889
340.140037	504.550433
340.806621	26.008480
340.926550	46.615826
340.976100	28.625307
341.020439	21.504777
341.060696	43.523658
341.454522	14.484824
341.501280	9.137790
341.540044	12.348266
341.711738	53.346391
341.828116	21.113731
341.871865	25.999042
341.968067	176.698487
342.350730	8.390465
342.435226	25.123320
342.612469	15.710029
342.656917	30.639864
342.749818	16.837647
342.791412	14.277565
343.856253	28.583333
344.000061	17.944444
344.077493	54.333333
350.158447	310.597222
350.287408	26.625000
352.137983	94.125000
370.101301	197.430556
370.196624	40.958333
370.242761	37.221667
397.211494	20.629305
397.258115	17.576956
408.837621	58.072215
448.455289	20.569444
448.636363	58.820876
454.424826	33.750000
456.201009	510.008132
457.195636	75.240665
458.187296	168.348939
459.194891	40.805556
459.294636	15.644444
460.116389	19.388889
460.165088	56.178790
475.136682	32.055556
475.186494	33.111111
475.241820	30.375000
476.640957	31.779522
477.104176	27.605714
484.556022	14.500902
487.752291	29.575538
503.826047	50.875000
503.928628	38.291667
507.214785	18.111111
520.163958	21.174020
520.219816	16.688275
523.753404	17.140969
528.891578	21.888889
562.773809	14.161523
566.386374	13.521969
566.441095	20.517843
571.058082	18.326149
577.275063	28.258161
577.498683	18.671929
579.104452	18.996936
579.274376	15.292487
580.595235	12.536028
580.645852	11.817406
604.405987	20.333333
606.251260	30.730418
606.318394	27.273191
606.376797	58.358259
670.164681	16.307814
675.970781	24.091776
676.404898	28.430556
676.720470	33.347222
677.653756	26.986111
677.710776	26.791667
677.945557	27.125000
678.010023	30.388889
678.073872	23.986111
678.150046	28.208333
682.281004	18.125000
682.344273	22.638889
686.123413	22.361833
687.617632	17.564565
687.728631	9.023895
687.797900	10.829330
687.868871	7.101067
687.925184	8.198718
687.991849	8.318604
688.048355	13.778243
692.567689	19.446128
692.644076	23.571181
693.155247	22.614713
695.687079	29.583976
695.749396	28.691914
703.723258	55.638889
704.104521	26.750000
704.184263	43.444623
704.605947	40.727197
704.722160	20.861470
704.788058	22.462638
704.849447	21.525113
706.974537	20.703399
709.594470	24.847222
709.661842	21.972222
716.254282	16.343329
716.786035	15.133950
723.414047	19.208333
723.479220	17.541667
723.540927	16.029199
723.607956	21.224206
723.667286	14.138889
724.809260	54.046668
724.935117	26.292052
725.000828	13.378771
725.362902	16.236246
725.423983	19.426056
725.490773	20.226362
725.553291	26.116244
725.619224	20.322289
726.896833	24.097982
734.164405	17.069444
734.453969	25.024522
734.707055	17.375000
799.313424	16.828770
799.381117	21.376206
