50.013385	125.807333
51.020567	338.575260
53.036057	2080.354167
55.012377	68.208333
55.051702	2284.937500
55.132182	105.460852
56.046220	6134.645833
56.175009	81.312500
56.350540	83.395833
57.066182	7357.520833
57.463483	67.875000
58.062358	1784.871408
58.145011	32.916667
58.165876	25.145833
59.045649	197.895833
59.068080	70.812500
60.040425	47.145833
61.019946	142.410655
63.018142	202.291667
65.033673	4587.166667
66.037845	347.708333
67.050356	7706.104167
67.483796	34.083333
68.049043	1253.823864
68.148494	27.940341
69.066440	8775.020960
69.472297	137.937500
69.630041	54.875000
69.761505	83.520833
70.061702	20430.625000
70.170264	36.423913
70.296095	34.898768
70.411523	278.625000
70.680559	10.762545
70.738804	80.199138
70.831918	20.377299
70.853699	38.241888
70.889339	19.354272
70.914127	7.083333
71.005878	23.668503
71.081521	8276.842305
71.363851	189.424242
71.448259	47.382042
71.570242	273.560379
71.630590	10.948024
71.686690	85.522279
71.753034	14.655005
71.770248	13.392507
71.804514	16.134231
71.847139	19.589912
71.991902	53.745508
72.079400	1425.284857
72.201510	31.409553
72.441770	26.895833
72.468761	48.312500
72.493046	30.125000
72.652625	37.362913
72.995318	384.625000
73.062709	434.937500
73.160629	38.145833
74.094105	166.750000
75.041767	90.666667
75.063380	66.312500
77.035426	2649.087862
78.041265	216.375000
79.051058	9623.729167
79.168188	94.812500
79.190608	227.229167
79.474245	45.145833
79.553660	205.354167
80.054526	670.289586
80.115085	41.208333
81.066880	18850.395833
81.568413	881.123737
81.753899	20.727688
81.797214	18.103064
81.815217	16.437500
81.857220	33.916156
81.883482	25.673674
81.926694	102.476091
81.968837	26.438548
82.070062	1475.512931
82.222665	10.000000
82.245465	20.729167
82.440219	14.953728
82.463357	11.145833
82.492991	35.791667
83.082475	10191.562500
83.218434	81.895833
83.287025	100.548587
83.302898	55.729167
83.518364	178.772345
83.633016	92.661458
83.799547	15.015899
84.069940	3587.208333
84.231390	36.500296
84.253574	37.752363
84.275577	18.991156
84.296683	23.051505
84.318400	26.695084
84.337752	37.075072
84.493043	15.625000
84.509875	18.948883
84.534197	20.825441
84.557256	13.486257
84.579306	16.461257
85.073572	54758.166667
86.076334	3676.979167
86.602236	700.041898
86.695882	31.616856
86.783064	94.848545
86.803654	17.052515
86.826210	14.808793
86.842965	199.146705
87.087469	657.592460
87.271452	33.397140
87.312222	99.134372
87.401000	15.382850
87.828218	27.708333
88.018573	2165.803166
88.176041	40.645833
89.059770	898.484304
89.154584	43.500000
91.052712	230619.583333
91.260888	323.558559
91.287909	177.609395
91.318407	654.583333
91.535154	2654.958406
92.055976	22053.750000
93.068148	9414.124662
94.071118	1049.854167
94.435007	21.335391
94.490306	221.005124
94.613156	21.547448
94.665785	191.314225
94.823927	97.274024
94.980391	22.991228
95.002792	21.325210
95.083929	18706.698244
95.323653	101.083333
95.399004	385.291667
95.495589	57.812500
96.088127	1897.070194
96.239018	16.501389
96.263629	13.086762
96.322190	153.838480
96.430681	32.595833
96.465043	14.791667
96.489319	20.002347
96.507218	29.897552
96.557699	27.874172
96.600928	21.750744
96.627962	18.239943
96.651946	24.932110
96.685269	53.293327
96.743382	44.197674
96.779336	13.252008
96.808127	20.552152
96.837537	30.424710
96.882724	20.312872
96.908014	20.231934
96.953334	15.852468
96.975501	15.474525
97.098612	11031.203784
97.413949	23.791667
97.633391	495.177536
97.782726	14.528333
97.823393	54.996951
97.848732	20.197758
97.869730	22.317744
97.893606	28.558836
97.917166	24.174020
97.999112	131.490649
98.082063	6380.345257
98.408413	23.449877
98.611657	185.183201
98.748685	32.762048
98.779507	11.312717
98.802341	6.959507
99.092208	5880.215086
99.508654	115.876973
99.697985	98.589539
99.774584	10.565574
99.796400	8.677591
99.822600	12.093553
99.875588	43.646006
100.095734	460.891914
100.173842	19.144645
100.198465	29.123322
100.223576	14.908301
100.248075	23.500329
100.270363	15.265220
101.057384	912.676237
102.055631	144.187500
103.074242	2606.250000
103.191680	71.669422
104.060528	735.187500
105.067670	18977.739517
105.421307	109.001916
105.469983	117.770833
105.519675	62.854167
105.544863	57.875000
105.617029	394.229167
106.067660	2935.291667
106.225128	34.020833
106.244278	40.500000
106.381215	71.437500
106.423373	45.118231
106.635231	29.106944
106.730096	24.026536
106.754715	24.935606
106.779541	30.396735
107.084403	12118.908814
107.408988	99.711786
107.467475	40.920977
107.565768	293.187500
107.667575	27.479167
107.737231	115.479167
107.796635	16.458333
107.864549	18.815025
107.889543	18.148566
107.915765	20.145833
107.944584	67.664315
108.089199	1137.124595
109.100619	15248.541667
109.293828	60.963337
109.318764	62.513832
109.368004	124.750000
109.522351	413.988782
109.718353	138.048556
109.827456	16.353320
109.854923	18.676706
109.912069	158.375998
110.104942	1576.333333
110.510657	15.319019
110.556734	23.598154
110.590358	9.825908
110.703216	32.427480
111.114429	6207.145833
111.245388	249.056134
111.392606	23.696728
111.441680	26.340063
111.491170	126.133506
111.541724	31.666667
111.565401	24.021433
111.665535	24.000000
111.693119	34.041667
111.715853	20.979167
111.744194	20.020833
111.890777	26.416667
111.912877	25.895833
112.044023	32.833333
112.112565	816.375000
113.102749	1733.050844
114.047709	62.979167
114.070056	59.375000
114.095682	236.999827
115.067342	1175.447239
116.068677	422.979167
117.078225	4261.625000
118.069391	988.729167
119.084605	7536.604167
119.223360	68.750541
119.609108	73.375000
120.084058	1614.645833
120.403155	35.666667
120.426943	42.041667
121.100655	12376.202140
121.524831	43.937500
121.673617	151.520833
121.704577	39.604167
121.730604	30.884470
122.102643	1370.250000
122.305842	25.416667
123.115619	8613.979167
123.310783	198.444093
123.559278	336.166667
123.761981	160.833333
124.119176	1212.166667
125.129645	3212.354167
125.279821	46.166667
126.133444	559.500000
127.142648	971.343967
128.068458	329.995186
129.069280	1032.145833
130.073972	693.146084
131.084380	3572.395833
132.080139	2959.036458
132.298975	16.297655
132.516467	19.185035
133.099114	11009.344360
133.810676	12.447505
134.096203	4480.125000
134.375037	38.125000
134.409013	40.250000
134.456310	116.604167
134.512540	52.979167
134.692335	179.145833
134.872934	34.229167
135.114587	18916.041667
135.445637	18.125000
135.788280	946.183333
136.118188	5300.958333
136.498176	198.479167
136.546488	85.437500
136.677883	250.687500
136.795400	33.535088
136.882375	25.151929
136.933019	31.395833
137.129034	5027.625000
137.540081	181.998726
137.659626	20.104627
137.765966	93.871099
137.833451	38.521084
137.928499	22.594761
137.964559	22.119529
138.131976	396.875000
138.434255	40.062500
139.145568	2537.083333
140.105189	265.270833
140.158433	62.062500
140.187661	55.833333
140.213992	52.416667
141.084725	785.937500
142.066406	73.645833
142.088223	87.687500
142.115663	78.958333
143.085329	1823.312500
144.085700	625.910214
145.100424	6213.240121
146.094835	12419.250000
146.360195	27.713015
146.532670	148.590201
146.645386	13.060567
146.675316	19.545596
146.698516	25.977110
146.762059	163.917824
146.984231	47.196615
147.115008	22409.858073
147.347939	63.669092
147.450655	345.513536
147.569839	37.177861
147.684178	809.121777
148.005995	25.958912
148.119217	4063.916667
148.463316	18.213542
148.488204	23.458623
148.514202	23.077982
148.660559	384.014245
148.886179	10.741201
148.974062	19.023006
149.130705	13859.779099
149.575698	168.529580
149.622734	30.301471
149.646489	38.525641
150.136353	1957.685020
150.462280	39.747829
150.494749	40.679433
150.521797	33.377343
150.549214	36.489141
150.607161	23.809397
150.635484	30.719128
150.665704	40.660134
150.691201	30.584639
150.722964	32.724398
150.807751	45.113734
151.145325	4782.125000
151.359335	68.895833
151.386271	61.437500
151.417564	59.166667
151.445522	46.271069
151.474694	39.880720
151.563668	53.583333
151.595808	98.000000
151.833732	21.391889
152.016646	1114.176635
153.159317	1034.083333
154.061615	37.791667
154.088452	51.583333
154.121357	52.833333
154.158776	96.270833
155.091894	935.874171
156.089645	1142.708333
156.216057	203.031908
157.098130	4440.435123
158.101727	1464.107972
159.115583	8089.875000
159.326176	140.770833
159.412161	61.416667
159.576332	168.006944
159.635405	66.270833
159.791054	34.750000
159.838493	73.291667
159.867141	40.125000
159.896353	39.649709
160.034471	35.541667
160.117944	2471.458333
160.403302	32.062500
160.541847	66.812500
161.131121	21116.257676
161.428304	44.861367
161.499879	259.416667
161.626737	68.291667
162.134664	3754.041667
162.646664	21.798695
162.826008	274.431138
163.146719	8786.312500
163.354918	43.377874
163.387880	208.279634
163.668182	411.601389
163.981342	39.291667
164.149622	1522.000000
164.363783	199.062500
165.163107	3437.666959
165.842802	27.918083
166.162567	961.125000
166.345103	41.958333
167.132031	1036.500000
167.993202	1230.120717
168.999511	105.477587
169.099535	701.750000
169.987838	73.735255
170.107488	325.270833
171.116866	1770.693961
172.116908	635.450833
173.130914	7095.139525
173.721150	23.750000
174.028354	23.679753
174.129199	2326.399469
175.142841	18729.073388
175.309063	37.529346
175.511111	57.832579
176.143762	3739.895833
176.306194	39.636946
176.370139	12.217742
176.450047	58.984568
176.511810	46.875000
176.558148	17.458333
176.586196	11.416667
176.693459	96.729167
176.817155	33.000817
177.137299	102332.500000
177.388434	168.967352
177.507424	360.908333
177.590480	27.114695
178.140056	14755.963706
179.174654	2854.638634
180.720185	37.282507
180.765046	7.817581
180.800388	25.491417
181.160118	1038.958333
181.743274	72.375000
181.998443	78.229167
182.059170	40.125000
182.090670	59.291667
182.152052	192.729167
182.214903	44.895833
183.097838	1475.229167
184.113183	399.863426
184.198371	43.812500
184.233094	37.687500
184.262947	33.544262
185.132597	2006.293134
185.333926	46.585948
186.137264	521.424479
187.143119	7020.645833
188.149198	1464.903986
188.374351	136.187500
188.897105	29.208333
188.929296	31.458333
189.138850	51862.646546
189.775749	2054.083333
190.142508	7953.865316
191.168162	4699.395833
191.646912	11.859524
191.859957	107.824180
192.177268	435.125000
192.504804	44.187500
192.535445	46.916667
192.563318	40.270833
193.042884	43.062500
193.191610	1630.875000
193.331583	64.354167
193.361410	63.375000
193.632743	45.395833
194.195912	272.756897
195.155827	643.000000
196.125295	178.625000
197.128593	737.479167
198.129429	610.750000
199.148923	2530.902826
199.401626	113.375000
199.972956	54.770833
200.153764	753.166667
200.292941	46.729167
201.162132	6329.416667
201.571694	22.229857
201.896623	36.996396
202.164794	979.611385
203.177355	9065.229167
203.363309	55.583333
203.431717	147.916667
203.678856	36.364470
203.735256	94.291667
203.997046	102.958333
204.180665	2035.604167
204.375714	36.708333
205.190690	2725.833333
206.095508	882.479167
207.210501	2277.446000
208.106709	197.880845
208.211822	214.000000
208.277242	42.166667
209.129638	585.687500
211.145747	1377.395833
212.150832	543.750000
213.163437	3995.259115
213.364545	39.520833
214.165428	893.895833
214.337080	55.375000
215.178294	7428.333333
215.423156	174.291667
215.723377	57.354167
215.753803	51.187500
216.181590	1620.750000
217.193275	4976.083432
217.944858	35.520833
218.198872	993.229167
219.206931	2100.187500
220.205313	455.659977
221.226251	1868.281073
222.223239	438.890321
223.077804	47.988039
223.148381	335.916667
223.245681	79.574465
225.164531	809.250000
226.169333	478.541667
227.178873	2366.833333
228.182790	544.770833
229.194293	5393.604167
229.801767	30.814236
230.198709	992.583333
