50.025025	12.714761
50.095432	18.419643
50.115237	15.258929
50.134811	14.383929
50.156787	17.089286
50.204268	11.955357
50.220913	8.660714
50.238821	6.501924
50.259327	7.616987
50.282073	4.803012
50.334124	13.486762
50.421143	10.411787
50.439086	29.234205
50.454628	23.115335
50.490174	20.715004
50.594772	25.636906
50.645209	23.032862
50.706667	27.212406
50.775906	139.779622
50.857080	33.760886
51.078596	110.687500
51.447434	27.567046
51.667071	43.061980
51.700552	30.503339
51.716784	33.105903
51.734337	36.276802
51.752175	35.076405
51.786405	62.170223
51.803536	28.814809
51.820413	40.922012
51.837042	180.349987
51.922087	20.778523
51.938227	29.272428
51.955373	31.335694
51.972326	31.346028
51.989221	35.241071
52.006350	41.125319
52.023878	175.646361
52.090403	40.933828
52.107466	32.791402
52.123906	38.526796
52.141227	39.567570
52.158598	49.220421
52.380287	369.111234
52.395582	34.312588
52.412558	58.755640
52.603023	32.186009
52.623314	19.877170
52.655305	17.433221
52.772844	35.094557
52.838741	46.123901
53.034017	253.321429
53.151597	37.745042
53.168119	29.874264
53.305464	257.639401
53.322639	32.384092
53.378036	30.533059
53.859873	15.390152
53.952288	29.166557
53.969639	30.120040
53.986889	33.107267
54.032180	38.962648
54.249263	26.318244
54.265946	60.649217
54.320947	25.044665
54.338111	24.808858
54.363583	39.270122
54.390493	17.690897
54.408518	19.077014
54.424361	14.133846
54.460272	11.900171
54.510938	58.148550
54.787153	309.999623
55.101613	9.547486
55.834306	1501.267915
55.852013	39.311768
55.887468	482.977179
56.112370	255.763372
57.019251	1897.325504
57.057536	42.336897
57.460414	895.972951
58.024446	791.667420
58.175326	57.554082
58.217614	17.084061
58.236324	17.729489
58.260682	19.438025
58.281544	19.276270
58.302704	12.786130
58.398258	154.782045
58.442022	25.705552
59.043294	9537.669643
61.021654	908.660714
62.377407	2012.044667
63.068450	107.789472
63.133614	25.097168
63.600283	1195.246167
63.810532	253.823843
63.850465	30.453735
63.868454	31.637692
63.886496	33.082141
63.904098	20.347291
63.922572	119.517924
65.032653	711.705357
67.042823	162.187500
67.631779	1952.190210
67.914682	251.506568
69.060648	3973.968148
69.136497	84.796869
69.157804	41.941451
69.178301	26.464489
69.197830	32.610801
69.252868	665.780657
70.017504	878.757182
70.139418	38.243374
70.178298	140.974839
70.221687	36.682886
70.240173	36.469816
70.276441	87.078057
70.299987	36.794352
70.731135	1423.814865
71.218712	49.598377
71.248134	22.600242
71.267991	20.609998
71.287181	50.012135
71.326113	28.673802
71.348459	25.847510
71.371606	27.537478
71.391711	25.408510
71.411706	38.705786
71.475244	73.821626
71.496185	36.897933
71.515787	32.543019
71.531205	21.018770
71.551273	28.207272
71.595646	72.160714
71.645020	24.259077
71.665206	21.176855
71.804042	546.978230
72.304333	24.955521
72.326713	13.010437
72.363156	217.433414
72.505967	19.101429
72.526658	13.073799
72.546709	17.260875
72.601167	25.732225
72.632109	29.782143
72.680193	47.031324
72.720722	54.186566
72.839429	167.518905
72.879269	149.609756
72.942000	29.555943
72.974060	76.095092
73.061939	306.724885
73.421870	1043.770274
73.781234	73.914818
73.844717	34.036830
73.866017	37.214340
73.963491	381.688121
74.238865	82.134529
74.357681	297.822702
74.455607	18.168734
74.476320	45.446566
74.597970	147.985511
74.718289	392.071727
74.913859	31.761801
74.953434	23.122923
75.039688	1078.812500
75.193417	34.522027
75.347874	147.010328
75.582804	454.714322
75.623597	169.955491
77.035465	175.895565
79.047467	1068.348214
79.658735	36.937671
79.680322	32.045365
80.048545	90.660714
81.062639	929.348214
82.089381	19.613427
82.435857	968.766576
82.848622	713.281770
83.177891	30.757756
83.245257	109.554972
83.305025	9.934585
83.358325	47.327644
83.381783	23.108689
83.403368	23.019499
83.433758	43.706338
83.518247	172.125000
83.628495	19.172232
83.652325	16.873588
83.694258	22.567144
83.974348	336.632326
84.395619	685.769431
84.696520	40.304945
84.717770	41.958472
84.738729	41.863075
84.762202	345.130355
85.172918	23.906759
85.190049	23.445452
85.445128	739.281534
85.748048	16.338580
85.769430	9.613891
85.888533	186.994312
85.955433	20.473253
85.999621	30.435347
86.212906	36.326264
86.256082	14.223214
86.283857	24.839286
86.366449	188.214286
86.454858	36.000835
86.476022	98.429461
86.524640	30.776786
86.568540	40.562500
86.633836	62.276786
86.677602	69.723214
87.002167	548.859912
87.202956	155.410290
87.313356	42.726057
87.474676	201.876164
87.699979	249.633242
87.724058	96.196865
88.015267	81.046497
88.171421	45.006959
88.691410	734.509001
88.991436	95.768545
89.970079	4429.584292
90.171966	36.586948
90.535497	721.092900
90.580530	29.338282
90.644807	113.010693
91.051781	7392.875000
92.054033	620.544643
93.067369	2324.758929
94.038291	651.767857
95.124856	1038.796231
95.541581	32.836577
95.566985	30.148919
95.683614	789.159960
97.023437	194.786429
97.219574	30.504748
97.238934	17.548152
97.589873	536.963550
97.614125	38.192667
98.028667	117.704165
98.215869	28.121497
98.285704	36.482942
98.333406	36.051227
98.379690	263.196517
98.563012	72.084884
98.874111	490.327740
99.004884	182.309170
99.300104	536.040488
99.507690	23.723865
99.534367	234.538231
99.936884	514.867234
100.374899	372.388895
100.475457	31.045095
100.521256	24.702978
100.543133	68.872253
100.618919	12.081733
100.664212	40.337932
100.689112	28.766631
100.712544	32.956512
100.736455	35.473416
100.760829	221.962289
100.974034	32.508929
100.998162	46.446587
101.449606	17.369018
101.521455	158.884254
101.615075	20.973236
101.638956	15.316933
101.660965	24.020257
101.697835	48.489882
101.732445	26.179711
101.756057	30.435846
101.781265	21.410800
101.803982	29.267991
101.826892	32.714286
101.852766	30.973214
101.877773	32.946429
101.926275	172.367973
102.300367	101.713088
102.322572	14.152158
102.351776	8.228294
102.374162	10.997009
102.408333	17.367332
102.436344	12.473739
102.461698	13.579370
102.486357	12.321917
102.690111	238.339181
102.924991	224.443591
103.048782	30.065981
103.194532	16.870072
103.260119	235.196637
103.483707	61.683824
104.038974	796.357439
104.256116	128.009859
104.279908	21.110795
104.303850	26.750450
104.327781	31.094185
104.351920	29.608799
104.400158	48.272336
104.419859	23.754374
104.937312	977.026199
105.069079	1117.643563
106.032759	198.776467
106.186258	59.431476
106.270903	112.803571
106.295689	321.633929
106.550100	100.651099
107.048487	1230.671398
107.127575	27.343367
107.187278	86.060525
107.575479	392.621011
108.052034	174.419606
108.138857	54.792570
108.163346	21.139296
108.184921	16.122772
108.209950	23.482328
108.233996	61.211207
108.332556	656.347334
109.063915	1869.184639
109.151173	163.224421
109.250128	24.786211
109.296751	63.368764
109.344727	41.227494
109.368673	28.446479
109.867158	572.016684
109.925133	87.278348
110.074146	66.588658
110.153615	53.788356
110.177677	27.586657
110.203848	14.872353
110.491483	498.545635
110.518810	384.824804
110.761453	65.519121
110.787548	91.863283
111.006623	368.089657
111.263278	163.142828
111.308461	32.071456
111.334525	25.029445
111.356265	16.181744
111.381479	29.035151
111.406404	30.181408
111.444205	80.685142
111.550922	49.578134
111.596624	14.873036
111.649219	44.198652
111.734371	20.267533
111.848119	125.381109
111.898518	11.707035
111.924071	150.582453
112.262018	29.763377
112.638831	397.379030
113.017242	151.773088
113.288032	47.619882
113.351154	17.633994
113.400377	35.437665
113.437216	22.804402
113.461641	22.578694
113.486018	19.531003
113.537601	11.339111
113.564230	24.267857
113.586755	30.535714
113.612824	24.515410
113.640180	22.457792
113.688500	48.318362
113.713371	190.329278
113.928069	40.001159
113.981509	27.582807
114.006337	54.143905
114.338463	12.695424
114.426346	84.746725
114.505915	16.818065
114.539944	13.374260
114.563604	8.969901
114.662848	21.411905
114.701780	19.627811
114.771705	78.009354
114.859389	22.807773
114.884852	13.121369
114.938247	26.555215
114.961971	30.666528
114.986900	15.903342
115.011478	18.573536
115.193221	17.096219
115.225528	19.907811
115.251772	98.091308
115.415730	17.885417
115.464912	39.978447
115.625538	123.563787
115.708864	31.756005
115.749028	13.001880
115.795662	18.936258
115.821300	12.626856
115.846558	21.292780
115.896711	45.148671
115.922212	27.980188
115.972685	27.157892
115.995744	38.745878
116.415669	176.880717
116.596371	25.366086
116.849149	172.919663
116.877305	144.199773
117.640922	10708.976714
118.327094	122.873915
118.378368	22.543735
118.404592	26.719045
118.529326	188.495829
118.582253	7.944961
118.607688	14.951531
118.666197	22.365129
118.738869	74.795016
118.872342	17.897727
118.897322	44.436196
118.947128	32.635504
119.007240	13.446623
119.085994	2080.067630
119.173414	437.392644
119.632821	654.697562
119.788425	54.535758
119.901066	86.839927
119.962659	70.752341
120.034464	48.451931
120.089818	199.191653
120.302410	140.569048
120.356389	33.058571
120.383321	566.625227
120.838131	18.413018
120.865092	21.636414
120.916800	40.495992
121.064632	73064.651786
121.305590	91.927377
121.362708	27.471558
121.383893	41.770174
122.067856	6674.689123
124.049998	3076.895716
124.245647	32.745710
125.044265	2046.675379
125.370720	184.803811
125.996426	1132.313889
126.538735	7756.775609
127.317454	247.180956
127.398026	19.433889
127.505616	100.001187
127.750805	79.482143
127.927348	102.785714
128.305376	43.710277
128.347962	21.187500
128.481675	22.455357
128.601353	39.651786
128.707571	24.044643
128.733348	23.223214
128.756939	54.794643
128.813512	52.598214
128.880148	20.366071
128.908644	17.794643
128.937884	19.696429
128.974015	31.642857
129.003662	45.212520
129.370071	59.248080
129.428383	93.232420
130.289904	159.530262
130.671130	112.491071
131.510752	26.660714
131.539769	17.614448
131.596467	25.629442
131.627030	28.205357
131.728497	17.446429
131.755278	21.589286
131.787781	30.625000
131.823817	43.464286
131.890892	23.276786
131.929178	48.517857
131.966052	22.937500
131.996899	29.482143
132.023157	49.633432
132.261465	43.602101
132.346790	19.079554
132.387584	38.403151
132.625109	269.404993
132.780653	29.446854
132.878812	319.409442
133.214349	72.003088
133.243574	39.341007
133.272582	35.689133
133.324463	131.756237
133.438807	131.539207
134.090465	52.535013
134.247418	264.244848
135.066237	247.428580
136.074569	937.017253
136.137214	445.688101
137.061326	621.486945
137.170331	87.609525
137.185210	27.669654
137.218365	45.471430
137.247920	27.980161
138.064573	124.449221
138.301078	17.488886
139.025626	65.305723
139.250259	24.368202
139.437431	479.923576
139.693984	26.572412
140.020898	338.343430
140.373740	275.743910
140.571634	121.016645
140.784937	31.867529
140.811476	17.439927
140.837575	18.343472
140.863308	5.343502
140.946506	53.105014
141.031142	165.839983
141.297106	39.384627
141.368122	14.610050
141.397023	26.489170
141.483833	122.500255
141.536222	16.608694
141.566164	19.681478
141.711528	230.066477
141.846857	18.003318
141.926252	83.177721
142.014076	29.014242
142.274777	11.660883
142.303036	8.539286
142.387016	66.839573
142.618981	112.599787
142.671919	19.117444
142.698128	11.815416
142.726837	18.799257
142.785909	283.012763
143.317103	34.742081
143.363259	20.349236
143.520757	87.737154
143.543249	19.583756
143.572105	14.693100
143.596641	9.770081
143.627526	15.615033
143.654431	13.365159
143.684539	28.695809
143.713372	62.349924
143.768074	16.477687
143.948986	188.789872
144.022894	39.272714
144.361993	581.075477
144.880910	153.362350
144.976090	22.497150
145.004082	26.700081
145.575515	433.446921
145.713752	67.960818
145.776720	158.792642
145.887954	21.660837
145.915091	17.607337
145.942918	17.073798
146.001925	76.053944
146.258963	45.294969
146.315919	36.369505
146.345067	15.794563
146.402874	40.233437
146.433571	20.086039
146.462538	44.103237
146.519195	53.320120
146.610647	66.021353
146.711314	29.293633
146.738651	22.446450
146.765052	21.945400
146.802759	91.513551
146.978114	60.736376
149.875648	35.107143
149.902070	41.794643
149.959355	37.669643
150.091165	1213.598172
150.307687	16.352507
150.421291	107.108418
150.478883	23.856027
150.507486	13.088700
150.827281	212.562517
150.949600	16.089019
150.994789	85.158460
151.252730	9.140010
151.317035	61.225401
151.375526	35.410272
151.493921	513.462673
152.202728	48.479951
152.269352	34.913168
152.314346	9.519813
152.359686	26.556315
152.401501	26.950062
152.433016	25.973323
152.460817	26.886114
152.490336	24.438537
152.519737	27.307799
152.637804	14.347502
152.662167	13.371146
152.693288	14.990195
153.049168	75.709003
153.340368	50.733253
153.391464	20.232218
153.420990	24.135002
153.907246	440.480423
154.029469	110.734588
154.353789	50.488905
154.448893	47.166149
154.559951	126.876246
154.619069	147.670427
154.792002	43.112905
154.820229	16.680449
154.846180	23.563875
154.933309	22.886113
155.023234	129.227322
155.368847	36.546157
155.403423	30.967447
155.513084	55.237941
155.626270	11.617154
155.657214	21.523773
155.724191	41.893603
155.783395	29.580357
155.860968	70.839286
155.953280	159.299238
156.397887	228.404389
156.625273	171.450128
156.737829	19.634746
157.019758	296.234076
157.355101	396.678571
157.727609	15.594298
157.811553	56.532317
157.842345	30.634300
157.899074	141.526436
158.354286	85.592857
158.409790	14.921160
158.440219	22.505916
158.498140	57.139469
158.561672	22.849461
158.590946	25.465157
158.621021	15.821112
158.740341	206.200964
158.887373	24.146688
158.917279	64.384189
158.977360	19.702442
159.036945	70.097232
159.305274	466.521757
159.817806	18.389066
159.843419	24.197726
159.871518	31.696144
159.900749	30.810513
159.959629	55.198276
160.045522	63.266165
160.186822	25.186274
160.217176	29.715822
160.247861	27.114198
160.279261	30.832371
160.609323	1106.983205
161.199540	34.174307
161.231484	16.781162
161.430723	93.145089
161.791392	134.634094
161.819855	24.273274
161.850028	161.683629
162.127154	40.367896
162.302183	192.520058
163.028890	730.487229
163.473588	470.142925
163.718829	25.904160
163.870518	131.407886
163.901708	27.845366
163.933297	188.408178
164.145880	350.009011
164.469646	317.902288
164.794039	337.141401
165.246915	19.885964
165.281155	13.814146
165.342092	73.039501
165.956351	792.413476
166.485650	2123.416870
167.275020	15.539078
167.482342	617.416712
167.858208	25.380089
167.886962	36.262300
167.916284	30.582170
168.003357	354.619352
168.208688	15.018243
168.239908	11.325621
169.027096	1149.219654
169.403678	1307.711720
170.449264	347.145284
171.022231	290.717814
171.270538	187.563922
171.455979	428.519531
172.027149	601.625808
172.402292	629.387147
172.867420	143.410714
173.023186	133.506628
173.410211	864.938729
174.013782	79.709643
174.410683	242.210756
174.483652	20.782275
174.511449	23.268434
174.544633	187.051278
174.912980	138.315126
174.976294	26.582959
175.009916	61.179418
175.400336	217.999267
175.581933	447.732799
175.959818	15.598976
175.995749	24.236997
176.027077	37.459588
177.004904	1405.398274
177.315518	1026.813730
178.084654	312.809075
178.303135	100.584529
178.501361	290.590266
179.091565	61.920436
179.475901	793.314238
179.820491	28.652890
179.853330	44.469621
179.884649	36.796125
179.916634	32.663690
179.946248	28.605323
179.978806	16.383126
180.009642	38.109519
180.102738	109.090280
180.620020	1675.731235
181.437721	1273.403578
182.208112	24.294124
183.024126	161.840054
183.364555	265.370730
183.587664	26.370526
183.619652	27.516049
183.645288	28.833520
183.747899	107.990519
184.039693	390.533303
184.273523	17.988839
185.037695	895.508671
185.306984	75.419045
186.043597	1188.322556
186.625052	39.517857
187.035017	400.577878
187.189809	21.311139
188.042130	360.868998
188.295037	30.736549
188.352636	59.726459
188.875312	749.102141
188.967552	25.754280
189.033654	135.147331
189.235840	10.787929
189.688568	1352.444007
190.354940	83.998706
190.898549	499.038086
191.028789	208.654965
191.318405	56.132942
191.386789	18.752843
191.418621	23.827646
191.482229	62.991378
191.642292	291.951274
191.809875	19.760625
192.008799	198.956223
192.105818	159.419113
193.000315	1898.038477
193.333560	536.327238
193.845388	19.689092
193.880050	26.902050
193.914105	58.628906
193.980955	136.762155
194.413254	440.567925
194.571610	665.362406
195.685736	1137.916148
196.162721	48.594399
196.502782	1374.741525
198.045911	1207.777661
199.051828	800.689604
200.053800	3392.548730
201.045748	462.167975
202.057581	1877.419692
202.373035	44.701730
202.419059	8.284980
202.452753	133.807425
202.776928	68.754037
203.032966	295.687516
203.468336	245.220664
203.502768	30.902080
203.673944	277.555587
203.808143	23.283488
203.841521	24.576806
204.006956	304.600751
204.239639	73.232437
204.505976	1080.835976
205.254893	6.871349
205.462779	755.934186
205.988379	106.041175
206.376176	278.424281
206.541875	52.068027
206.609148	102.200478
206.744356	352.311219
207.382251	66.166568
208.053714	602.062519
208.085559	29.698733
208.230132	9.614576
208.517285	650.080448
209.795892	709.652386
210.082986	35.357495
210.111670	10.853226
210.522177	655.746555
210.854354	37.842336
210.890119	45.848360
211.055930	430.383291
211.421029	145.930457
212.041043	584.278797
212.279564	38.094257
213.042862	1036.526594
214.059699	643.958679
215.059567	4747.232558
216.062620	422.168206
217.021308	1145.983766
217.313927	45.831955
217.346928	48.387849
218.044824	974.860869
219.027949	1226.822861
220.026114	1300.819302
220.162212	33.691453
220.196312	21.580450
220.229114	21.387187
220.671468	864.535193
221.623022	1291.998923
222.609583	432.775877
222.783837	76.370703
223.012064	252.589643
223.339542	11.580672
223.544191	302.596995
223.914653	549.743416
224.839842	2034.917006
225.907236	1817.058000
226.329589	96.818688
226.480196	82.132753
226.658790	142.146629
226.925956	375.424255
228.072656	1184.486076
228.987286	842.756507
229.325004	19.524782
229.358488	21.888137
229.434259	362.821774
229.902707	20.079267
229.940311	26.027792
230.071867	198.196078
230.249580	29.626570
230.285656	23.310609
230.320349	22.958453
230.428465	75.805028
230.973534	609.764327
231.073567	38.160752
231.282349	9.676992
231.755390	877.223496
232.181439	37.618638
232.217452	19.848340
232.987799	1066.497931
233.541779	310.847863
233.800943	506.276801
234.137393	24.144913
234.500343	1252.884345
235.526067	777.547610
236.007610	62.407790
236.086370	25.149139
236.259871	17.972495
236.397075	128.468441
236.624688	214.731384
236.738749	28.416978
236.959695	275.385777
237.064616	36.697543
237.430061	604.874758
238.085124	257.197511
238.215680	21.524107
238.956451	992.171967
239.388846	45.686634
239.816215	1005.199405
240.296678	20.541347
240.331520	18.600714
240.540355	282.788895
240.729714	26.513007
240.765324	21.575561
240.919872	114.107143
240.977777	89.398613
241.063010	24.932936
241.485576	451.715995
241.614588	49.333956
241.790903	55.381360
243.530992	34.178571
244.414953	37.000000
244.484240	81.258929
244.783041	43.267857
244.986238	461.738934
245.404003	31.589258
245.440741	18.134759
245.476233	19.550938
245.513977	12.946207
245.740864	466.921152
246.289798	22.901896
246.579070	321.690940
246.757628	17.939705
246.982322	376.304326
248.020282	791.712935
248.335396	758.020940
249.402459	29.071184
249.534238	68.578457
249.579394	37.518374
250.031201	524.509451
250.111516	90.850019
250.577745	247.047680
250.802130	417.488963
251.339947	32.930562
251.420168	12.212035
251.676114	573.115297
252.082497	24.822886
252.313180	18.002888
252.381491	336.322785
252.922241	556.629735
253.817945	1041.977473
254.566336	331.467634
254.911498	389.713278
255.536036	109.779175
255.574507	26.349010
255.611717	47.728235
255.790118	271.624236
256.087765	110.642538
256.589842	634.279023
257.052086	193.956893
257.534383	31.325108
257.874274	343.516967
257.949553	95.295458
258.095522	17.792857
258.137227	89.111596
258.349986	39.667374
258.405830	25.760638
258.445989	14.685966
258.481634	25.867103
258.556807	111.812169
258.673045	16.419659
258.810686	94.491223
258.850372	21.964699
258.929172	65.421078
259.034118	38.020903
259.514478	397.707379
259.782099	68.882042
263.602492	23.255464
263.640662	23.767857
263.679140	28.991071
263.723279	81.571429
263.792232	36.160714
263.823307	47.723214
263.899643	28.616071
263.938169	24.678571
263.978067	25.901786
264.017330	31.330357
264.322547	53.401786
264.398819	24.875000
264.504459	32.973214
264.687671	179.678571
264.793033	55.517857
264.859083	30.383929
264.901435	25.142857
264.972655	45.875000
265.010680	30.785714
265.057942	76.105660
265.647850	193.613283
265.767401	19.188047
265.807007	24.440168
265.844056	69.652711
265.961885	17.398107
266.000448	24.613993
266.075866	57.249058
266.114296	51.527047
266.398915	557.191547
267.052738	65.607143
267.459522	214.564372
268.028233	171.351678
268.097833	47.152597
268.329500	19.372820
268.359515	24.789698
268.397917	20.882960
269.131398	683.569587
269.364031	97.314061
269.403561	18.411584
269.441490	18.352581
269.515480	73.603038
269.856463	598.988509
270.829806	472.126568
270.871783	59.582942
270.950595	28.550630
270.988978	30.370482
271.066031	77.321834
271.126787	101.978764
271.378216	30.596645
271.456673	607.768132
272.395663	103.528571
272.494249	13.560945
272.570113	37.356448
272.627239	40.416973
272.722119	32.366390
272.839963	35.375696
272.901538	22.824527
272.959799	11.002599
273.030377	63.120729
273.490548	20.258701
273.604242	214.801001
273.761688	118.748493
273.918414	23.917872
274.022590	103.169134
274.130235	14.234378
274.776656	1294.625688
275.597731	320.935518
275.647323	35.384951
275.923296	260.847000
275.963186	190.557900
276.344642	11.639007
277.064564	566.278085
277.514013	174.470279
277.907074	490.208636
278.102798	22.213961
278.299329	17.960841
278.420552	13.026311
278.616938	519.208280
279.363015	50.511247
279.399038	27.231781
279.435738	28.615520
279.477444	29.204292
279.512886	36.327556
279.552133	37.375046
279.590399	34.883940
279.817526	554.817575
280.774238	597.775376
280.934712	30.622571
280.976253	27.032131
281.013998	29.096425
281.055530	21.291329
281.093285	29.466430
281.128968	20.122507
281.917869	867.907882
282.290320	16.813250
282.688391	828.942468
283.389353	22.072707
283.430398	22.647282
283.774231	474.274331
284.012586	140.690013
285.147972	195.671453
286.141787	1784.866969
286.483410	349.580093
287.001373	297.906993
287.081953	95.751764
287.448646	60.564414
287.488464	76.409746
287.685752	560.351432
288.198891	15.708619
288.286740	22.600777
288.327329	29.197734
288.365865	801.231825
289.805505	2579.401290
290.542560	1716.522054
291.638925	211.538027
292.090812	97.808964
292.492864	189.978324
292.574284	567.851698
293.973990	615.424986
294.228947	18.249513
294.706026	383.800000
294.835571	278.776812
295.126919	18.522550
295.366854	27.147561
295.406526	23.702922
295.448783	25.742850
296.005021	681.678046
296.281420	37.309749
296.337986	26.871207
296.490681	818.054127
297.116457	43.249511
297.581561	208.038265
297.715171	30.043322
297.837496	494.077863
298.330307	26.193783
298.617012	862.942570
299.120920	75.422107
299.512757	140.433208
299.634273	21.579387
300.159294	611.059610
301.376824	33.698281
302.175451	31500.435083
303.181197	6425.669643
307.311110	23.410473
308.129586	2069.596198
309.185536	14.961988
310.019132	1007.290814
310.201393	21.921657
310.240999	27.210754
310.596255	919.731673
311.552522	390.300852
311.884220	24.310649
311.928216	25.774656
311.970077	18.402350
312.011865	18.514850
312.056193	22.170930
312.099985	91.901229
312.223445	20.151601
312.307184	23.018521
312.433813	65.188120
312.476369	30.574053
312.517759	30.597683
313.013692	521.875913
313.440266	48.325456
313.910661	1293.855787
314.322452	19.005594
314.911168	452.715825
314.994099	78.031216
315.037566	40.475686
315.078552	37.734227
315.119819	17.491197
315.162548	58.083324
315.378043	26.786109
316.166293	1029.231846
316.418526	164.087808
316.507778	31.720702
316.552620	76.224466
316.766971	68.866041
316.810007	27.964480
316.849297	19.402334
316.880807	20.451045
316.922257	24.807455
316.964281	20.778183
317.091444	128.204431
317.349830	19.779482
317.393637	18.342165
317.434647	13.792430
317.467976	21.385614
318.164315	291.908505
318.275111	41.366248
318.360330	80.036838
319.114134	705.765675
319.328939	27.772777
319.454660	141.652506
321.114805	781.830357
322.121547	2525.779700
324.122196	904.923805
325.800959	1093.867500
326.767020	808.043028
327.455153	16.880028
327.996917	755.118415
328.494678	2097.015379
329.549619	150.098095
330.134884	378.565591
330.403629	18.549564
331.045688	700.043396
331.730868	689.656461
332.206317	27.522416
332.254665	64.732258
332.381781	478.793274
333.104540	335.766271
333.299749	8.292601
334.123542	13913.508929
335.127275	3088.911877
336.138891	693653.142160
336.642209	2015.294015
337.140689	156730.062500
338.134992	256485.562500
339.138042	48754.429836
340.140083	7942.982143
346.565703	1750.265196
350.154299	6587.672472
351.160398	1631.630604
352.145795	3046.960491
356.107173	985.813129
356.268870	11.785257
356.692609	1287.991135
357.507769	132.575331
358.072567	362.488498
358.395538	15.872310
358.469109	42.766234
358.923915	591.027020
359.378491	11.326977
360.166757	706.492016
360.350023	25.811468
360.394369	23.528026
360.435194	21.028917
360.484262	30.423935
360.574534	332.496634
360.923078	259.889230
361.512175	88.619780
361.556421	23.638330
362.160076	361.236827
366.136608	609.919643
366.919028	32.213165
366.964418	28.849557
367.127703	245.493027
367.595122	49.105421
367.639865	49.806102
368.106960	687.511168
368.946169	383.177504
368.994531	29.847321
369.096445	233.041470
369.670758	16.425852
369.724066	38.627570
370.099440	4374.789399
370.714265	107.619157
370.759202	32.214286
371.100388	550.694631
372.095463	2283.044489
378.081732	67.767857
378.187494	178.669643
379.890488	140.767857
379.985830	54.303571
380.108344	54.535714
380.170884	144.589286
380.288074	24.187500
380.811686	30.803571
380.972295	56.937500
381.053892	53.267857
381.125251	45.116071
381.183966	29.169643
381.649911	72.725763
381.784400	211.544643
382.125195	420.196429
382.348055	28.089286
382.405616	45.991071
382.490464	83.946429
382.646505	147.223214
382.691722	46.178571
382.734122	44.500000
382.781619	45.562500
382.879820	217.205357
383.074675	26.080357
383.158985	93.684730
383.785571	149.378851
383.925278	150.919643
384.019833	36.848214
384.119430	228.847075
384.607750	164.988601
384.679717	37.758929
384.725789	41.232143
384.834952	198.973214
385.045582	86.464286
385.092488	48.160714
385.136511	44.044643
385.183303	37.498775
386.173380	326.222859
386.922701	287.927124
387.659377	51.607711
387.723569	24.267857
388.060830	24.630659
388.106081	60.539273
392.225154	125.845338
392.674151	25.571901
393.570041	11.312500
393.777536	23.408707
393.825449	17.804470
393.865039	12.617580
393.915389	15.973485
393.961293	18.985234
394.009641	21.487367
394.059243	15.372054
394.177630	193.212133
394.293795	31.227417
394.339757	22.737161
394.383736	19.589286
394.431055	21.488430
394.477424	26.382579
394.530220	32.170580
394.577936	25.143363
394.621821	13.836145
394.809575	15.563705
394.870321	20.673896
394.926229	17.028206
395.111470	224.366071
395.298512	24.897149
395.384589	47.384709
395.525722	27.677617
395.572522	26.053571
395.670138	68.705357
395.717342	33.053571
395.764124	97.348214
395.904015	28.714286
395.951038	34.044643
396.001885	29.128019
396.043877	36.502673
396.137639	63.238636
396.188065	97.059109
396.557533	88.785714
396.728111	72.946429
396.800856	21.071429
396.911250	55.455357
397.094094	150.931658
397.446417	142.041922
397.665598	171.379293
397.926050	130.294643
398.045896	67.696429
398.161027	57.794643
398.247450	32.699372
398.435071	125.614068
398.620838	21.303571
398.668042	34.437500
398.714739	26.572216
398.764427	27.035364
398.905918	156.633929
399.040581	18.410714
399.190741	28.499584
399.570289	42.260331
399.648702	44.500000
400.162617	285.888289
400.633406	127.157947
400.824101	22.032379
400.867504	32.527360
401.009099	26.652897
401.060395	24.455148
401.106603	26.368671
401.201847	80.995655
401.597414	43.269263
402.157704	394.368233
402.713060	153.361119
402.781775	16.923475
403.048103	101.457573
404.203956	66.670715
404.912799	120.398164
405.629715	20.539626
405.774825	42.850490
405.889605	15.592372
405.937083	18.353379
406.173920	172.416256
406.417461	54.866071
406.510557	31.339286
406.559790	30.785714
406.610502	25.250000
406.661711	37.321429
406.709547	37.821429
406.758576	72.937500
406.894589	83.428571
406.992411	25.383929
407.182585	198.641604
407.658962	292.319420
407.802545	25.763485
407.850495	24.747429
407.885909	27.062500
408.028943	107.446429
408.195047	395.026786
408.409080	36.339286
408.979198	540.330357
409.073727	32.901786
409.124322	33.785714
409.174306	162.693762
409.396691	24.144584
409.540832	18.075775
409.592329	25.417141
409.988691	178.767857
410.207646	229.660714
410.389236	63.169643
410.531407	93.535714
410.579038	445.714286
411.210393	264.691264
411.544047	26.986525
412.006349	771.241137
412.403810	23.142857
412.655969	638.714286
413.197024	38.660714
413.242662	35.857143
413.290638	29.365853
413.338159	31.003059
413.883572	841.258929
414.288022	27.831792
414.687366	108.680098
414.734572	37.857143
414.783112	36.946429
414.828911	36.401786
414.876358	126.276786
415.137061	180.856839
415.501549	34.276417
415.789406	246.535714
415.981301	188.196429
416.028337	241.757324
416.807374	78.002842
416.886384	51.285714
417.138406	113.177587
417.633181	68.914065
417.983155	293.258929
418.073490	37.276786
418.190326	176.864789
418.603788	68.807822
418.651407	81.258929
418.748701	33.026786
418.849323	66.866071
419.239960	357.352697
419.785878	50.382237
420.201779	96.217202
420.653579	33.139320
420.699916	24.547867
421.001952	134.383929
421.122602	44.973214
421.203425	25.508929
421.245922	23.786308
421.587853	50.670279
421.678159	25.445733
421.741000	31.357143
421.775828	30.714286
421.816776	32.089286
421.873334	30.875000
421.912329	49.357143
422.190474	352.714286
422.404630	40.955357
422.471205	70.651786
423.154876	533.357143
423.325796	50.729627
423.373381	40.835978
423.426551	41.017857
423.571501	367.767857
424.175330	765.946429
425.157916	182.482143
425.597998	35.588347
425.649011	28.077863
426.168071	452.061245
426.380269	21.978728
427.147822	481.608769
427.200371	34.420602
427.301208	62.657518
427.455950	35.731474
427.839643	202.797511
427.886125	27.539947
427.938661	89.416138
428.171395	174.386671
428.656481	44.785849
428.711043	34.928681
428.759316	167.730057
429.169396	84.493506
429.244624	19.729002
429.641070	57.790844
429.739900	24.332076
429.788658	41.499723
429.874552	18.438244
429.925311	22.347754
429.972654	18.141401
430.028183	33.964403
430.180516	80.682946
430.682289	63.371366
430.732548	21.233798
430.778034	17.986079
430.821669	21.671905
430.865549	14.270804
431.036153	84.422932
431.086306	22.581835
431.135423	96.124639
431.464026	21.491670
431.561034	43.559755
432.138014	568.376233
432.779953	2207.130355
433.600768	84.298104
433.695181	20.754692
433.746276	25.884763
434.183484	299.403447
434.735161	40.483530
434.800714	19.242133
434.971301	23.073171
435.068573	17.926108
435.166818	70.868122
435.476197	38.532333
435.575933	26.968908
435.618970	6.176620
435.771133	9.913353
435.831673	19.008382
435.974597	83.822684
436.125790	23.222868
436.176468	93.778050
436.859559	129.464185
436.913644	15.519323
436.961655	17.152790
437.011008	19.383070
437.057651	22.842601
437.193113	22.525763
437.241186	17.604238
437.292497	12.952501
437.457559	9.270232
438.234104	457.098418
438.283157	24.102643
438.705739	52.498264
438.775998	20.678820
438.929163	279.733016
439.421209	33.337110
439.466528	14.161913
439.714809	219.729415
440.017916	59.365263
440.118275	19.601510
440.172365	143.165717
440.418293	17.548837
440.458180	14.125682
440.608645	62.611687
440.710236	12.967600
440.753305	20.352489
441.218840	307.633441
441.683884	343.666839
442.196555	251.551789
442.479415	19.964873
442.534178	18.904291
442.587439	21.502159
442.633853	26.616803
442.680755	26.460490
442.728629	433.936017
443.403292	17.892939
444.179796	759.442633
444.652690	41.939809
444.740458	30.887422
444.936922	131.925268
445.093901	21.593929
445.269375	132.117950
445.590513	23.487309
445.680328	14.771529
445.791526	31.342522
445.864356	12.860706
446.038835	103.233881
446.276011	102.447968
446.496327	22.179078
446.575722	15.560082
446.722918	270.585406
447.184818	39.041311
447.281281	32.378943
447.558192	31.669291
447.715250	111.020165
447.766482	36.262097
447.820562	39.621394
447.870574	26.485775
447.915456	27.760483
448.005120	17.735051
448.058944	14.806034
448.110009	12.294510
448.161862	14.686666
448.213359	27.535688
448.554196	13.762588
448.770846	148.127696
449.014425	28.287619
449.105461	33.459281
449.190458	18.720488
449.237575	20.874842
449.698046	24.947255
449.753011	16.886196
449.855119	100.637021
450.050271	12.901650
450.103118	21.108568
450.217660	96.178363
450.481627	40.778981
450.598687	50.039563
450.749904	28.261834
450.801884	26.360909
450.902530	91.534058
451.003233	22.074749
451.053233	39.708486
451.146887	28.110559
451.200881	28.902028
451.251040	31.498393
451.556874	30.594094
451.603548	26.728287
451.653654	18.569797
451.754000	178.418758
452.104661	17.669927
452.227662	77.875886
452.402910	22.495096
452.453068	19.850964
452.501409	26.764540
453.039868	434.991084
453.143100	37.249357
453.184253	43.662228
453.245663	111.825154
453.496373	18.095415
453.546822	17.954632
453.585581	38.701522
453.683480	27.246903
453.728436	27.806488
453.818401	73.069007
453.872934	39.358732
456.201265	2274.301531
457.202202	701.419813
458.192293	838.767611
459.209040	455.273027
459.400057	19.921836
459.450756	24.748533
459.566765	304.242623
459.859334	38.544124
460.260383	513.700687
460.717032	165.481415
461.247137	477.309592
461.506055	42.814671
461.556239	27.583651
461.608841	75.742363
462.188893	590.607505
462.674471	177.154920
462.974070	47.730252
463.181437	152.683838
463.283776	32.784689
463.688113	182.364659
463.739975	34.417297
463.790159	414.166167
464.502143	21.939665
464.564482	25.841623
464.627034	28.036865
464.729700	141.572230
465.026315	73.305195
465.077308	38.897955
465.181851	39.330490
465.273407	23.430462
465.427221	190.727468
465.719574	54.755963
465.819972	18.287052
466.073545	241.162214
466.287924	13.405788
466.416261	36.101084
466.857952	208.387696
467.259140	253.038726
467.309334	31.664465
467.361174	27.042913
467.416756	13.963180
467.465419	22.491107
467.513881	20.336485
467.568344	28.872963
468.085696	521.306138
468.433744	12.397727
468.486319	17.393019
468.688977	53.442857
469.163613	401.918907
470.159598	739.785914
471.205224	963.726970
471.690116	113.293100
471.749592	30.309634
472.212465	490.473085
472.443707	16.062527
473.073884	1313.562848
475.042085	765.581501
475.712991	397.569549
476.252129	273.010700
476.473472	14.027119
476.556122	39.804922
477.162673	456.184650
477.403860	13.895009
477.479926	30.217870
477.689599	175.521938
478.005303	18.232635
478.056786	20.752067
478.108810	38.261144
478.211535	48.715026
478.493777	28.428743
478.582775	19.055258
478.638587	25.306013
478.740894	38.242939
479.165961	231.645187
479.258602	92.880780
479.434664	24.444185
479.828907	1225.402399
482.202259	587.111810
482.460176	54.801645
482.668094	651.916648
483.396349	14.943934
483.453721	18.384644
484.243981	506.197407
484.506598	62.453091
484.557886	26.005549
484.610427	29.839022
484.866902	499.551636
486.212845	619.565856
486.603110	44.191729
487.195504	443.474344
487.603603	400.280220
488.311751	39.321376
488.470765	47.513304
488.524061	22.034724
488.749033	98.923111
488.898382	15.234632
489.000309	43.589567
489.051529	24.413972
489.204892	146.248535
489.577748	29.588130
489.629211	32.344600
489.680811	35.406425
489.731709	35.494833
489.784156	28.992772
489.841628	22.144345
489.891491	20.652749
489.937688	31.923259
490.248367	136.281445
490.642218	33.509372
490.864133	128.129876
491.183473	156.482617
491.335735	16.203037
491.395722	22.590305
491.450393	29.421633
491.506638	18.572790
491.557308	82.956101
491.809053	19.091435
491.860682	14.352644
491.968297	33.119039
492.047944	30.385147
492.120470	19.688137
492.255054	68.974649
492.328513	12.506152
493.284168	469.889039
493.381908	290.923860
494.206888	171.975218
494.289482	18.580936
494.379982	39.683534
494.450827	21.923732
494.504716	19.038584
494.556276	175.529362
495.274601	206.462302
495.660015	182.710737
495.867174	575.574855
496.817443	107.942144
496.892963	100.375627
497.078434	17.151440
497.213066	98.444087
497.395399	11.571184
497.444659	12.508364
497.673737	91.955403
498.269609	374.243990
498.504064	25.716499
498.555633	26.359177
498.609593	20.287049
498.663091	22.778397
498.720115	27.635891
498.781366	14.133754
498.834156	30.810009
498.879989	19.792411
498.940073	19.887633
498.985177	19.678665
499.035524	20.203643
499.142843	58.232887
499.243372	25.657082
499.323549	68.266420
499.483229	28.178369
499.571071	17.260580
499.945413	503.829160
500.840680	255.677910
500.893470	35.641888
500.948056	51.298669
501.208593	207.152882
502.047025	534.674961
502.510709	20.205019
502.593562	26.673880
502.672834	25.036067
502.726675	177.574393
503.137604	49.240001
503.191338	62.197342
503.358860	15.332344
503.464136	43.500660
503.767371	158.026688
504.103499	200.984824
504.257732	56.723236
504.362639	19.203043
504.451162	67.151835
504.575081	21.049275
504.748866	86.869263
504.919464	44.999472
505.127429	143.069196
505.298650	44.526803
505.404983	22.638235
505.458189	36.786406
506.197794	411.796380
506.775487	454.423888
507.027553	213.845709
507.608292	39.688935
507.927472	467.570822
508.864765	268.818776
508.990569	172.445134
509.352351	22.043032
509.404173	20.842850
509.484391	30.137794
509.646356	66.195548
509.835665	22.733742
509.880261	18.022567
509.993027	14.883899
510.044388	22.986714
510.158925	132.191806
510.332926	33.103896
510.814868	39.925850
510.952382	60.389098
511.029997	28.084426
511.087518	19.425833
511.189891	39.805124
511.395184	105.405321
512.032503	496.157450
512.778963	251.976659
514.145663	859.656845
514.472395	28.014131
514.529014	26.911111
514.582916	32.926697
514.635500	21.280804
514.803130	79.771104
514.893767	32.261987
514.963085	288.913221
515.378418	8.966649
515.713192	381.204836
516.305503	53.195738
517.164197	669.690476
517.426232	25.196429
517.992700	306.432911
518.056847	539.876300
519.212163	26.408156
519.264162	21.371861
519.477336	12.929411
520.176952	701.138752
522.395955	36.786155
522.450800	28.746366
522.665026	237.677519
523.324003	627.368327
524.162739	297.928497
524.890050	254.141042
525.105320	38.424040
525.148372	31.232981
525.200354	17.584429
525.293389	46.840252
525.385062	9.761512
525.543915	13.578799
525.636005	16.292161
525.840069	53.671306
526.001996	121.333254
526.254907	99.375000
527.161102	339.217949
527.295216	139.047596
527.551291	46.736041
527.695622	91.924196
527.990054	276.245081
528.585627	64.937729
528.955301	234.297311
529.073781	1171.456772
531.382146	12.513413
531.432533	14.158538
531.488125	14.500871
531.602380	52.037497
532.163352	1071.367063
533.448793	12.579170
533.498887	17.956084
533.734977	169.021820
534.037903	15.640128
534.162657	233.347290
534.364339	32.808456
534.410516	34.128376
534.463869	25.361380
534.518496	19.981196
534.688277	51.930561
535.177263	222.125462
535.262189	21.007251
535.326911	73.931894
535.550673	20.416305
536.218728	526.126319
536.749746	120.586913
536.846948	17.589878
537.233600	619.740768
538.392551	261.504965
538.459793	25.946956
538.581904	47.749055
538.875614	400.016915
539.862888	469.800031
540.140201	84.075492
540.301497	79.942104
540.415643	23.583457
540.522281	14.778300
540.617255	33.667501
540.737398	20.135672
540.843935	91.254376
541.061460	20.535837
541.110546	27.312811
541.167429	19.215476
541.392326	106.915100
541.642318	142.301348
542.268135	320.651960
542.438742	5.564191
542.500442	6.980626
542.587062	48.289796
542.661687	25.753724
542.715780	27.544099
542.770239	27.657345
543.095430	393.672246
543.914627	498.859152
544.484497	12.600196
544.598728	45.054155
545.605599	544.587113
546.307470	330.721898
546.579512	28.363697
546.688811	104.143131
546.847565	17.543575
546.906057	33.971338
547.068587	35.413052
547.352114	131.746530
547.408404	28.277355
547.465217	106.494002
547.689268	59.267799
547.855450	25.969693
547.906686	19.130458
547.963541	24.786543
548.015771	27.848410
548.074205	25.541003
548.139870	23.955672
548.193941	28.354308
548.237478	29.299504
548.280227	446.289072
549.216698	101.987271
549.355706	15.435875
549.416170	18.531228
549.471694	15.067312
549.526927	15.941509
549.582649	17.617460
549.638982	15.887987
549.737806	47.065199
550.098682	181.507976
550.158692	77.386689
550.324676	43.556862
550.435386	10.606840
550.690166	234.239286
551.151290	133.884585
551.372454	30.055390
552.221181	1130.173469
556.252645	1588.254755
556.571066	152.281132
556.820842	23.437657
556.977710	112.906888
557.179408	42.473457
557.266592	18.344623
557.319489	22.026801
557.367907	66.397651
557.533510	28.043601
557.587307	23.428278
557.754653	23.541667
557.901591	22.775437
558.960712	598.790022
559.574297	352.025008
560.666959	612.647227
560.953472	26.251692
561.661228	445.784335
562.159423	40.186499
562.271120	57.671543
562.326797	24.202417
562.382051	25.163616
562.502424	100.416209
562.644514	24.723546
562.759171	174.951702
563.043246	28.559795
563.765547	453.032650
565.336688	889.502981
565.391525	409.546200
566.177190	81.420241
566.346664	26.025493
566.403689	29.983537
566.458048	26.954688
567.046178	500.999135
567.565231	17.341294
567.634673	32.935813
567.817767	25.895759
567.860280	23.543357
567.931875	24.426747
568.038811	84.243767
568.156826	18.046312
568.211059	19.066066
568.263098	16.062779
568.310147	27.408055
568.436125	54.379713
568.498110	21.385072
568.550784	21.527693
568.607263	19.979515
568.671768	24.293217
568.728333	25.443004
568.786110	89.294658
568.946587	22.784509
569.003475	50.883739
569.165398	34.209494
569.221461	20.088795
569.280791	29.719805
569.329413	26.987422
569.377405	37.873525
569.663655	119.571646
570.752339	644.576184
571.258003	179.745636
571.568610	111.958220
571.681125	18.121073
571.846918	95.876923
572.076606	395.276542
572.628391	29.457187
572.854031	154.003362
572.910598	33.043371
572.968482	42.497568
573.027349	25.434043
573.194713	211.157922
573.478748	31.676150
573.543171	29.569450
573.594440	19.557241
573.649417	20.350946
573.711117	25.275364
573.755275	18.914904
573.816519	16.317975
573.873427	21.353175
573.933404	11.963579
573.988307	16.103161
574.042220	44.330813
574.162855	16.477385
574.343010	150.554113
574.600462	151.841870
577.337834	1893.637562
577.915425	23.646341
579.344229	1363.402487
580.146830	41.388088
580.260813	2227.153318
585.088884	786.857890
585.414051	19.494578
585.468643	21.828786
585.524862	16.954558
585.587075	18.276809
585.645341	21.612890
585.699533	26.607905
585.755490	25.366415
585.815343	24.710834
585.871434	19.655546
585.925429	18.918887
586.036930	74.618639
586.147136	34.787671
586.203673	36.887889
586.260498	35.585522
586.319194	26.156977
586.440873	100.589521
586.727075	18.237987
587.376863	399.160771
588.996831	650.283837
589.051879	29.661950
590.025377	1436.098420
591.610405	16.827293
591.674703	21.991095
591.731513	19.714372
591.788581	16.104951
592.611858	454.905071
592.823830	24.037554
592.877148	18.249510
592.987414	637.562713
594.029668	51.936090
594.203613	39.171970
596.266200	1508.541209
596.944988	32.386982
598.968347	1213.456347
599.083750	26.522893
599.262995	217.910127
599.772499	194.892843
599.887762	30.340889
599.948172	23.780012
600.010431	57.880378
600.176072	32.999066
600.233120	33.897580
600.292293	25.036713
600.465083	31.237940
600.518787	45.192489
600.629754	22.934954
600.688106	22.001216
600.855273	146.212010
601.157303	22.081164
601.265563	58.349464
601.315158	87.147600
601.615435	29.563817
601.712798	23.692857
601.764153	26.259814
601.821030	22.987272
601.881098	19.389911
601.933088	21.199753
602.111715	247.253559
602.458908	31.932712
602.514353	19.634113
602.656009	69.102515
602.801225	92.043872
602.972096	26.777423
603.048506	88.500535
603.204413	20.930033
603.262485	39.965288
603.847739	640.700854
604.933199	126.502003
604.994569	111.051774
605.567538	639.947857
606.322083	65.329695
606.502361	17.665834
606.670913	1549.639316
609.094943	30.171795
609.400402	149.681978
609.445922	24.378076
609.505015	25.942149
609.970164	259.803622
610.030600	36.795122
610.088425	103.367194
610.288646	15.894783
612.124397	937.792704
612.385741	27.479863
612.624894	158.651255
612.865887	24.479152
612.925627	23.866141
612.987400	16.725309
613.046354	11.300383
613.402366	119.422853
613.654343	83.816397
613.712287	24.437750
613.817369	298.346324
614.492900	103.247102
614.699510	26.077417
614.897510	93.293735
615.018016	57.312853
615.173225	28.269710
615.219438	38.661204
615.277406	37.213841
615.335730	36.464164
616.394368	1303.322723
618.480241	2128.684113
621.300138	652.197637
622.003618	928.571887
627.073370	2308.536449
628.055208	461.317248
628.782585	216.609775
629.358398	213.622411
629.476826	87.724304
630.065161	717.092634
630.995574	21.504079
631.113536	51.511697
631.174259	101.596499
632.462865	1154.415193
633.590495	32.229601
635.285584	1641.393624
636.863671	332.320071
636.924224	34.139580
636.991258	36.620322
637.055412	35.428571
637.111171	33.838877
637.276130	93.759366
637.890321	1396.696429
640.132499	21.630989
640.189229	56.607384
640.736952	585.574254
641.388672	157.652600
641.684172	17.652835
641.863195	96.553319
642.809852	514.586585
643.369225	17.624071
643.450645	29.042468
643.537522	26.434745
643.800419	275.796976
644.240882	146.883493
644.513830	25.533229
644.567598	18.704701
645.081410	222.768215
646.704033	1058.492580
647.129755	149.922619
647.368046	22.247215
647.430352	21.506640
647.497953	26.102841
647.587120	16.022039
647.858359	237.846636
648.138355	22.862956
648.202194	27.696924
648.250046	20.234873
648.339789	41.846959
648.490864	34.612977
648.609495	27.163229
648.734716	52.637435
649.092843	128.007980
649.277849	59.108064
649.334072	21.870445
649.397287	23.063047
649.462466	33.250810
649.519326	29.483556
649.579228	22.190069
649.634846	24.564977
649.695846	324.506221
650.488155	7.234810
651.169336	393.695268
651.680587	349.917243
653.236338	621.059137
653.537529	170.166408
654.018628	241.443605
654.255850	74.080611
654.473278	174.168963
654.856605	267.565699
655.406194	20.327299
655.469927	16.598840
655.533817	54.009339
655.756901	51.688350
655.817297	20.815609
655.878187	21.251737
655.945372	13.750369
656.058277	70.746530
656.226173	107.654101
656.523585	39.005017
656.709781	87.100265
656.991646	259.272321
657.567078	23.589678
657.627625	94.812741
657.864369	55.159063
657.928729	41.882281
657.987480	34.271088
658.226147	126.747272
658.660965	299.240797
658.958549	26.559883
659.019298	34.610735
659.513269	300.178644
659.574981	29.685935
660.473182	582.035219
660.601478	32.177126
660.846449	145.731562
660.896924	32.781880
660.968016	90.742929
661.332196	934.276809
663.204664	411.478798
663.386207	35.851069
663.961591	1489.632240
665.784374	28.780435
665.841400	30.660938
665.902207	22.903251
665.963498	57.507946
666.433379	182.945108
667.471242	494.001874
667.664401	129.432015
668.029451	273.747504
669.296774	674.612024
669.662906	25.058887
669.731908	27.161154
669.796989	23.278179
669.857813	29.738424
670.294037	961.535004
671.758016	40.946078
672.302860	456.231379
673.297304	1067.391917
674.550233	22.140665
674.768130	162.334821
675.022534	16.379067
675.155260	86.689117
675.329703	28.514663
675.392466	18.448427
675.450186	476.807073
676.374488	28.295311
676.436680	80.912618
676.682730	48.924089
676.747043	30.329545
676.810473	132.900229
677.737094	622.042768
678.482559	28.786416
678.534196	24.249842
678.596179	22.487147
679.154881	1083.641509
680.435240	19.280277
680.743184	196.530612
680.995106	24.605511
681.087322	212.149607
681.681767	31.737768
681.791728	12.292476
681.856953	22.752074
681.923060	21.168111
682.045498	43.070251
682.112404	22.133044
682.313374	279.372779
684.434597	1538.688913
685.930359	46.789979
686.322125	151.534208
686.609001	173.481696
687.090780	41.978065
687.254094	50.735795
687.956463	1586.992849
691.030914	16.600436
692.267487	1017.030873
693.143686	29.243728
693.898791	402.524056
694.024092	21.794676
694.810876	669.041667
695.663786	325.112429
696.333722	244.562105
696.941702	64.483305
697.067473	24.651962
697.129205	22.885402
697.978916	566.352598
698.616034	37.525922
698.708092	14.695640
699.021843	46.264797
699.554230	281.503906
699.832650	74.803571
700.703793	334.908359
700.766435	23.746654
700.828029	40.601143
700.883011	44.699715
700.950100	34.066821
701.016269	27.551321
701.076304	22.270933
701.157131	81.378651
701.290790	28.519017
701.881118	1156.681958
704.176591	578.238486
704.588725	27.144545
704.724509	59.886587
704.789463	28.640213
704.853227	28.644513
705.418275	259.723539
705.492674	29.134521
705.572086	179.345028
705.902073	38.762461
705.965430	33.664029
706.026868	60.808417
710.292734	3058.925108
712.199043	502.714716
712.828477	28.552558
713.281478	573.583287
714.037713	570.533792
714.803721	34.686192
714.867945	42.775278
714.924135	28.075679
716.320710	1350.011343
717.861987	29.272631
717.929473	38.359505
718.063467	21.360544
718.126817	19.151820
718.711467	962.438064
720.452271	74.791904
720.514346	19.027845
720.667029	48.793775
721.141047	444.857634
721.924769	94.657188
723.059884	457.692549
723.352377	27.861917
723.417215	24.711664
723.479339	23.339870
723.605738	83.700340
723.797579	93.340880
725.361724	2832.078860
728.951009	931.400356
731.115832	97.627541
731.186397	31.824742
731.695840	532.605332
732.319160	41.413301
732.442218	91.919703
732.700761	103.015739
732.885666	25.394637
733.080614	1495.220426
735.635168	23.647233
735.699005	20.376174
735.758122	29.269718
735.820413	71.437665
738.393568	1067.654707
738.877725	1551.884863
741.567987	22.582769
741.633796	23.107927
741.700742	24.599699
741.764440	25.493815
742.322846	212.389691
743.236581	448.009547
743.437279	22.698915
743.495343	31.677952
743.556571	30.664596
743.626437	29.238812
743.689396	29.994631
743.756454	20.519416
743.813079	51.279408
744.002012	17.506769
744.264835	137.346273
744.395225	83.891160
744.770770	52.104102
744.959788	87.240632
745.154006	2882.641695
749.621301	23.431353
749.710963	45.857518
749.804873	24.198491
749.973360	90.334013
750.132821	14.085018
750.212208	47.737310
750.423729	17.868389
750.514208	31.861222
750.678899	17.982263
750.795936	12.694981
750.933065	29.838846
751.000939	18.144749
751.066158	26.608413
751.188568	27.756750
751.314343	13.043846
751.378319	17.401763
752.675654	718.252661
753.177974	22.079624
753.245688	25.708097
753.370654	42.729036
753.694536	854.951754
755.576704	208.819381
755.643857	34.366424
755.781115	149.278305
756.373382	432.490898
756.998162	260.355375
757.119507	77.807368
757.286681	12.076753
757.539453	243.838012
758.114253	121.471358
758.428796	165.527937
759.033643	19.610466
759.341087	16.377015
759.419897	11.230725
759.480241	19.229834
762.064857	64.144586
762.218598	9.787063
762.279905	15.582017
762.343948	17.347140
762.410740	28.394363
762.540547	61.377835
762.605864	24.946634
762.667959	19.851752
762.779472	60.992746
763.969685	537.790199
764.857006	337.223871
765.263484	17.271605
765.327526	13.647941
765.402992	7.868759
765.571088	207.391564
766.201119	51.059271
766.328844	20.527288
769.046150	1315.206380
769.339116	85.027659
769.405248	177.543990
769.765035	21.178837
769.830435	18.955638
770.090825	21.147737
770.341849	275.066662
770.741019	12.457468
770.864948	37.330224
771.001089	14.566609
771.067641	13.620263
771.139924	20.990577
771.269441	48.148005
771.349243	29.948529
771.415340	25.470986
771.465685	25.608341
771.529092	33.789247
771.594793	25.266088
771.666302	19.243987
771.854965	229.774733
772.368780	47.163008
772.509723	12.341991
772.851802	53.186001
772.955505	36.571446
773.125378	29.635714
773.197107	46.251506
773.454109	29.812529
773.544844	19.436105
773.935614	65.028363
774.209473	203.974305
774.756242	42.272397
775.486803	318.903493
777.438348	1169.062525
778.098897	22.841270
778.487482	235.815728
778.797397	27.393816
778.860975	21.160272
778.928409	26.805537
779.009939	19.586231
779.074884	190.887913
779.580567	20.387899
780.950422	985.662648
782.615804	596.181985
786.423549	2529.171558
788.276287	567.789771
788.989790	75.721199
789.306939	169.274644
789.849743	23.601521
789.918387	19.145691
790.036738	63.027163
790.284495	43.426559
790.493624	58.359515
790.942167	512.094476
791.620297	21.872276
791.685402	18.363195
792.359730	194.524439
792.430929	23.573238
792.496941	33.672343
792.562655	32.008539
792.630304	26.624972
792.698898	23.895094
792.765034	18.160493
792.832009	20.450097
793.376848	418.382200
795.131146	703.389007
795.726975	22.558574
795.926494	77.312418
796.002917	53.812730
796.104233	113.412274
796.402388	30.834776
796.561410	108.346611
796.783539	26.399624
796.850702	26.696036
796.916054	20.658432
796.968703	44.170362
797.897216	936.230757
