50.144053	35.000000
53.315480	30.765993
54.137711	31.830574
54.172260	41.511579
55.011587	104.963390
55.852845	42.644930
55.871807	49.128445
56.046778	179.849882
58.061095	13636.208333
58.328296	170.523917
58.476684	587.211333
58.656625	23.421407
58.761937	146.220256
61.191965	45.431338
61.210403	51.747549
63.063266	47.125000
63.081484	40.958333
63.100055	50.375000
67.061302	35.409146
67.949761	50.895833
67.988329	77.708333
68.012387	43.666667
69.840568	37.416667
69.880908	80.250000
69.899852	32.145833
69.973672	74.145833
70.001170	34.520833
70.086732	27.795275
78.087490	38.465837
78.106980	33.035714
79.064743	68.374862
80.003406	58.454145
80.164836	26.793947
81.010627	34.730496
83.354739	54.250000
84.047327	40.166667
84.413440	49.770833
86.062016	101.541667
87.715800	34.834427
88.700394	25.041667
91.052084	122.583333
92.020421	68.385179
92.066206	29.312443
93.086266	43.520833
93.307538	67.875000
94.323745	23.658815
94.348387	39.167471
94.372928	36.557594
94.396095	40.375715
94.483807	23.713071
94.507249	23.520833
94.530394	27.020833
95.085407	106.645833
96.093588	40.312500
97.674860	21.899156
97.699137	23.083333
97.729447	39.960862
97.756276	26.397680
97.780980	26.020833
99.018551	110.687500
104.071665	124.020833
105.068611	351.958333
106.079061	167.492044
106.107372	61.812500
107.087016	2063.765812
108.094119	70.609410
109.959779	45.937500
110.009092	51.270833
111.090715	61.219388
114.811400	32.442063
114.837513	19.291667
114.860860	15.645833
114.884756	16.926272
116.032085	44.273600
116.077798	38.081301
117.221711	31.666667
117.276068	26.187500
118.747833	19.537179
119.092052	119.166667
121.113896	45.401169
122.108200	59.833333
122.678843	22.503427
122.706821	24.205442
122.784382	21.395833
124.101656	68.125000
125.111924	58.000000
125.138333	55.354167
125.167108	48.791667
126.685261	39.375000
132.059920	270.770833
133.064398	1778.791667
134.071326	97.344292
134.105880	71.354167
134.503004	20.487967
134.529214	26.500000
134.554263	21.354167
134.588551	24.291667
135.117394	92.129518
136.036826	45.895833
136.065903	47.770833
136.130283	50.312500
138.506841	44.170624
139.832450	30.437500
139.890444	30.437500
139.996396	100.062500
140.145765	455.881534
142.838944	26.250000
142.894523	36.166667
143.088569	362.854167
143.168979	40.770833
143.205001	32.375000
144.085188	139.728377
144.322185	16.520833
144.393806	30.416667
144.421933	15.255802
144.491676	16.500000
146.094291	72.520833
147.046231	320.552642
148.499322	15.000000
149.065747	208.344796
149.125255	124.229167
149.808733	24.645833
150.071890	81.017551
150.100778	43.812500
150.127216	44.020833
150.153293	48.895833
151.079220	841.396265
151.626852	55.919077
151.667579	24.444444
152.078653	62.892668
154.477270	12.216566
154.521742	15.597701
155.611607	31.500000
155.705264	36.000000
155.732072	44.687500
156.139368	78.813368
156.206060	18.227908
156.246458	33.111235
157.036161	33.948340
157.062405	34.429389
157.128735	56.033514
158.094144	271.625000
158.660479	50.152122
158.691903	51.443939
158.779122	80.169574
159.106843	8709.760840
159.322841	66.739043
159.560762	28.431173
159.612221	121.996905
159.678121	26.957169
159.801219	55.190031
159.838101	171.645833
159.961839	26.166667
159.996593	34.916667
160.030847	42.333333
160.110924	1353.291667
160.364672	47.979167
160.393422	40.895833
160.424347	32.825643
160.452241	23.907808
160.482546	30.958763
160.512345	31.291310
161.099098	7915.875000
161.440523	38.583333
161.522312	190.437500
161.567958	70.291667
161.633445	34.645833
161.753497	222.958333
161.946243	468.166667
162.101504	1325.000000
162.337865	25.895833
162.481564	65.770833
162.941178	30.374481
163.039722	37.958897
163.071818	38.227403
163.100375	61.583948
163.136743	173.540885
163.224032	21.771487
163.255106	28.257609
163.284197	19.544702
163.526980	21.402377
163.587431	21.717690
163.621595	28.705250
163.685384	26.620567
163.711648	33.854864
163.741995	31.167032
164.109466	71.075726
164.160895	29.136660
165.109165	124.481471
165.166592	41.520833
165.196914	48.020833
169.134697	40.104167
169.510599	144.145833
171.143510	46.729167
172.120416	135.807540
173.131653	35.541667
173.796458	54.229167
173.833758	78.312500
173.901832	93.270833
173.930008	68.895833
174.129770	193364.000000
174.455370	686.074543
174.571113	25.334044
175.133210	26533.638833
176.137166	2663.098669
178.127914	164.001208
178.205176	735.369001
178.767997	264.887881
178.991155	26.255008
179.023697	44.072674
179.149355	163.392447
179.241996	27.585155
179.271705	22.870575
179.588427	28.911534
179.807186	17.938294
179.872664	43.466168
179.923610	17.792535
179.958335	30.999289
179.989167	43.028495
180.021983	22.872413
180.117790	116.097297
180.188278	146.515101
180.283968	91.020648
180.340881	25.848814
180.378149	25.562500
180.489617	110.875956
180.521996	22.441836
181.214073	36.312500
181.250471	22.979167
181.287779	26.687500
181.614265	19.249263
181.648078	34.323529
181.710820	15.625000
181.743965	20.989503
181.774854	28.261967
181.806528	36.883547
181.837189	35.780170
181.870822	38.406709
181.902068	33.510925
181.935756	31.468967
181.965287	40.301008
182.003826	27.762343
182.035646	27.333333
182.065536	61.562500
182.130608	50.874775
183.779369	34.187500
183.808806	38.812500
183.842882	28.645833
184.886388	39.270833
184.935463	92.104167
185.074569	80.000000
187.151641	82.229167
188.039737	44.583333
188.106762	588.812500
188.296449	69.583333
188.361420	29.291667
189.551720	17.712240
189.656884	51.097341
189.722837	29.534314
189.787455	71.305743
189.817974	40.581790
189.850980	39.697321
189.880840	57.701548
189.915390	38.898691
189.948494	32.895948
190.126315	1206.979167
191.133113	754.000000
191.318322	48.020833
191.545384	34.250000
191.706449	31.520833
191.741808	27.395833
191.840829	33.666667
192.140509	381811.104167
192.481379	81.110497
193.143505	53806.796805
194.147081	3470.815062
197.129050	361.671784
197.195640	40.818362
197.315599	158.034049
197.509893	37.386488
197.576795	330.053359
198.120552	542.489198
198.298073	19.872807
198.330095	23.134774
198.365633	31.187726
198.496633	33.580774
198.564786	62.766247
198.596509	37.207842
198.629282	32.664583
198.661628	39.020932
198.861056	44.370889
198.892421	51.573386
198.927137	41.952807
199.128521	29.548233
199.186077	91.877694
199.255639	22.813889
199.293345	26.981125
199.326706	28.212277
199.360000	34.768414
199.394223	36.044633
199.426578	38.837671
199.458636	52.610360
199.492783	35.776701
199.525062	25.217986
199.558573	25.951742
199.591619	35.360772
199.624417	29.253191
199.657848	30.770435
199.691540	25.892322
199.721504	17.900964
199.786545	53.549092
199.857167	70.064670
200.016592	11.139057
201.138232	429.708333
201.385998	37.270833
201.444032	83.333333
201.490519	38.833333
201.531297	38.583333
201.627809	153.875000
201.764244	66.930424
201.830936	48.091249
201.862533	44.587165
201.897377	38.919018
202.163827	164.805611
202.929084	43.279352
203.061396	43.083333
203.094965	29.395833
203.180469	255.145833
203.244690	38.645833
204.138039	132.500000
204.247174	59.125000
204.711254	41.675676
204.743857	51.942012
204.777236	43.049780
206.158140	321.729167
206.883344	39.864006
208.138530	146.683807
208.248016	38.372536
208.280050	47.662217
208.344203	20.636322
208.395404	23.898305
208.452197	13.375000
208.482987	10.814738
209.151030	62.979323
210.226480	44.937500
211.569615	44.604167
211.756503	47.354167
211.784249	51.750000
211.825129	124.416667
213.112996	73.145833
213.175722	44.312500
215.155481	1519.613690
216.159381	291.250000
216.207189	71.604167
217.137703	66.145833
217.201941	85.625000
217.242651	26.729167
218.153265	149.137378
218.602740	32.625296
218.844533	21.520833
220.126445	134.770833
221.180732	54.296850
221.221819	49.437500
221.625472	118.083333
221.733867	63.770833
221.850479	64.604167
222.122476	60.958333
222.153258	78.145833
222.187498	60.583333
225.393448	50.937500
225.463118	103.145833
229.171894	1244.645833
229.303880	56.698796
230.171322	219.258425
231.152974	318.360630
232.162882	77.608245
233.165042	79.231061
234.154725	1107.245566
234.314335	58.750000
234.352479	80.270833
234.392384	49.395833
235.157493	201.422215
239.729276	78.333333
239.766585	50.062500
241.486975	51.538507
241.522713	51.675033
245.170477	146.145833
245.208082	85.500000
246.158042	81.901649
247.179782	479.791667
248.160086	199.245889
248.239704	53.229167
251.128304	33.791718
259.166064	42.375000
262.186077	322.435096
262.281348	170.895833
262.395691	65.187500
264.155205	142.625757
276.194386	90.082987
278.183932	300.541667
279.530706	66.020833
283.707337	191.041667
283.821546	49.895833
295.249379	218.812500
295.481423	43.306867
295.524608	84.229167
295.605436	46.187500
301.686040	56.562500
303.956154	47.687500
303.999378	49.458333
308.213834	123.420619
324.198403	1138.993785
324.390090	27.206567
324.493451	51.399019
324.715798	24.895833
325.205340	260.003623
325.306497	38.125000
338.188944	43.995833
338.229382	21.632505
340.183437	55.533299
340.214985	63.979167
351.208993	51.625000
352.273428	44.375000
352.318868	37.125000
352.840427	42.479167
352.878852	43.916667
352.925795	38.958333
353.217804	38.791667
355.295397	46.354167
364.216543	42.900141
366.219611	111.416667
370.927936	55.729167
371.018890	162.018026
375.213392	75.875000
375.257948	81.229167
376.232074	37.333333
377.288219	49.706036
377.327295	49.790984
377.375000	40.791875
377.967842	34.458333
382.264659	91.916667
382.551667	32.041667
383.274924	952.463913
384.291691	267.666667
384.388848	61.208333
389.067568	53.812500
389.114728	61.354167
389.161242	56.395833
389.206586	65.479167
394.241554	144.875000
396.238554	80.410138
396.299675	24.323982
396.347820	20.794194
396.397354	50.529540
396.483342	19.843800
403.419186	88.250000
403.513378	140.812500
422.600658	38.541667
422.651571	49.291667
422.711195	62.479167
425.280281	904.000000
425.496768	58.354167
426.283818	121.151376
427.237262	25.104167
427.282101	33.187500
427.334007	27.854167
431.857975	63.916667
437.476816	97.666667
444.521163	46.104167
444.803706	94.882066
444.909371	40.627555
449.399125	58.791667
449.449073	48.645833
449.496893	46.791667
452.151131	48.895833
456.886860	51.729167
464.306751	41.125000
464.351528	32.020833
464.412854	33.146976
464.459921	32.835241
464.513554	34.604167
464.581836	86.166667
464.779470	37.625000
473.401157	57.792567
477.473797	109.979167
479.692057	48.291667
485.384085	34.541667
490.143838	41.262097
493.283678	52.687500
493.496773	34.916667
498.292654	27.042949
498.397570	46.013105
498.448863	33.489726
504.055538	73.541667
509.225209	28.180108
513.582259	32.497298
515.331056	440.966146
516.342056	173.124776
516.482203	22.819072
516.697104	15.273460
516.818413	43.521667
516.978343	24.297970
517.341574	46.680700
517.392962	21.464744
519.418401	43.625000
522.372145	31.583333
522.479304	64.437500
533.490125	45.312500
535.382484	22.500000
538.497225	47.104167
538.548128	54.645833
541.165221	25.649649
541.428079	21.854286
541.509230	61.937717
543.307734	72.447118
543.359335	45.500000
543.693956	36.684619
544.349265	46.688011
549.375967	29.710084
549.580859	73.895833
569.327063	125.437500
572.421719	200.645833
574.444622	93.791667
574.569704	36.166667
582.621693	45.000000
591.979119	33.854167
592.035686	37.100726
592.091773	33.598315
592.150338	29.188575
592.387991	97.229973
600.383070	58.666667
600.444316	62.187500
600.505593	184.041667
602.504028	50.270833
606.435393	106.500000
606.485663	66.645833
609.289576	37.791667
617.581221	58.479167
618.472547	65.187500
626.512234	66.833333
626.572507	42.604167
626.631643	36.125000
626.780967	76.916667
626.872122	134.975674
635.800943	38.361814
636.400207	30.563202
647.414280	94.083333
647.473520	55.583333
662.508210	39.757560
665.696546	60.130482
672.127022	31.250356
677.662600	34.812500
693.083988	48.000000
696.057320	45.125000
696.114501	72.958021
700.558316	19.711134
702.647031	42.872956
727.896504	68.718376
743.346127	26.553150
746.642622	22.512940
772.657072	99.231440
778.783976	51.437500
779.375093	43.583333
779.427984	34.896362
783.399435	115.712118
789.178990	49.371196
789.245752	45.989332
